1254
1473
131
948
86
23
182
1038
1151
911
1202
1105
1327
711
549
1026
1412
291
68
750
380
793
325
1061
263
819
1379
990
172
630
244
1426
656
429
927
742
452
1163
280
157
573
35
1262
400
746
365
1480
657
656
48
1462
1036
895
286
597
1159
1160
529
648
1386
1213
946
1366
369
1375
792
1165
380
509
1499
537
1136
33
299
89
833
718
69
44
1374
171
5
964
1120
345
114
778
4
643
1480
1391
410
925
1256
779
799
601
443
1180
1164
442
270
800
529
623
889
1363
1341
1012
1407
1215
1237
1466
732
857
310
846
188
369
42
168
259
452
1147
68
1231
446
723
228
179
387
724
503
1187
1253
1127
629
1169
1021
195
1075
735
1486
1094
20
842
1405
866
1085
327
909
1307
640
1361
953
708
1146
1399
1485
1428
131
371
651
635
111
457
315
741
126
1336
936
1255
625
975
849
645
371
807
11
1456
1134
974
1262
273
834
768
1035
533
721
1019
460
852
1391
1165
40
55
122
355
796
248
245
285
56
870
1261
959
14
131
265
79
140
1453
1053
1456
279
441
723
1314
1028
1444
887
1489
796
831
1153
890
886
1329
1300
236
130
44
521
187
914
335
1146
982
520
1466
1116
660
1418
668
615
197
1163
1339
64
691
1282
1005
733
631
335
439
21
1276
268
1321
11
398
1365
586
639
832
922
285
313
1496
304
1429
656
221
651
1325
472
313
1163
591
1058
999
95
290
129
485
730
150
260
998
24
325
1450
1443
911
589
774
386
928
1142
382
1232
1124
1038
6
328
862
533
696
579
1124
253
77
1273
544
260
311
1328
465
571
879
489
950
882
432
361
1471
1260
801
952
955
1183
683
579
774
690
907
190
1223
102
823
900
410
900
726
1008
1214
1038
889
178
162
267
668
1113
1149
1154
27
1174
967
828
625
422
565
1363
1001
1393
606
461
82
328
618
959
1282
1082
412
507
589
126
44
1478
304
207
298
1026
1320
0
733
1401
1174
200
728
353
622
1347
215
176
1240
821
637
1376
1203
1309
835
984
890
1247
44
1479
1373
89
9
177
350
307
1257
223
308
490
123
35
690
905
388
1312
752
603
41
545
1478
678
420
1180
541
1255
717
1431
1056
762
1464
928
905
1473
1159
1255
334
916
31
642
1460
154
677
649
1113
1120
514
364
222
555
909
200
1287
1384
1434
327
1138
651
312
693
1467
275
175
871
301
1388
679
635
857
710
1331
816
864
562
1465
476
181
532
895
457
1087
357
711
928
240
645
1309
1433
1350
120
679
1316
449
908
740
751
796
1419
1440
152
628
1325
969
45
386
987
575
621
19
1470
1078
1160
381
343
587
675
988
396
607
891
570
1341
760
1020
748
1500
270
43
1418
263
250
599
87
1219
644
473
705
1219
1094
778
1243
726
438
123
1069
1079
798
610
28
1460
0
599
1300
814
118
547
813
442
645
784
705
895
1383
847
667
526
1320
1372
298
968
704
40
247
1142
217
1316
720
1070
479
749
1029
479
1402
828
1293
19
1429
659
515
627
1443
1220
75
1325
566
742
404
440
668
702
1462
1372
743
208
1067
1014
77
340
583
556
1089
111
1089
1044
993
935
1063
976
147
77
156
89
1352
232
1414
471
974
317
965
195
1073
980
66
369
1242
1133
1384
1373
1474
466
428
1116
632
70
660
124
1059
276
1154
1206
408
1311
1295
313
42
1262
784
1070
132
303
1266
1206
1283
1386
128
1079
1019
11
951
1046
532
1380
715
1164
3
1429
1288
1117
205
942
822
667
752
671
980
848
432
317
417
619
620
236
378
457
122
506
35
1141
572
986
740
1104
919
8
767
977
1438
608
593
196
103
1415
863
909
585
342
256
1072
713
728
244
1334
964
676
344
1086
1182
433
780
307
1419
19
1411
892
28
731
368
19
1340
961
215
1443
929
1078
852
68
1474
1162
1194
686
389
1438
573
1354
613
971
939
348
1404
273
656
1323
292
620
714
374
1352
1136
393
1245
596
662
1241
24
239
592
146
266
308
1340
953
697
1277
79
604
443
1051
97
846
954
370
55
830
716
729
97
1145
580
1233
37
378
382
700
119
407
993
765
553
1260
1073
447
766
324
223
845
982
721
449
1079
120
1458
1449
175
787
719
904
885
363
38
671
454
416
1054
1208
535
14
701
1355
621
514
927
1068
1334
1305
1346
732
787
620
1182
365
740
1139
368
915
479
1141
372
1418
3
410
589
457
881
196
219
1470
210
974
1324
831
1488
805
453
1375
609
298
606
1450
918
341
369
157
33
737
1126
513
431
1498
484
434
462
1127
945
1397
1323
1164
1366
32
691
1244
918
732
548
1371
606
1211
222
1213
1161
1140
53
29
1351
87
820
1030
654
1251
1027
1138
238
42
765
1183
1439
641
901
1359
728
91
1102
145
878
203
69
1484
1414
291
1196
1128
1485
1304
1157
1389
1445
530
918
598
280
498
289
572
541
1108
309
533
249
1210
445
977
1355
46
1176
732
303
1245
770
217
89
465
1399
127
322
1110
15
266
139
933
918
474
1431
1262
1046
525
869
1355
1113
1118
1118
57
648
1027
