106245
20375
9576
31560
47389
84600
71218
78368
11981
100044
33602
83544
53530
45469
70426
11409
54948
50754
96340
15764
73498
33114
2353
13060
1303
24478
4928
48995
104409
87423
61563
100654
107798
71139
22213
1061
1613
49305
35303
13594
39348
68905
97138
48752
70249
13437
60162
15196
20066
46501
96835
93564
79615
99188
106624
80918
79541
1551
85787
73949
44848
37350
20476
42646
108489
108564
109582
65976
47869
34884
79570
43091
59663
22581
91844
19911
36019
42005
100983
11959
88506
87817
105523
13995
32879
58020
50787
2419
15446
26574
32242
60294
63924
52719
58814
18286
51282
58395
84263
99151
93279
9706
98117
108817
32288
79960
18727
24181
11964
9709
36140
56344
53401
97537
26213
86280
45556
77001
88699
61002
103575
76815
77171
13372
19533
25984
97533
26690
84380
27669
81715
23532
37376
69831
22348
69664
39790
106951
49719
7628
72534
85859
19847
15934
29269
46060
58088
74825
13060
102661
91702
72509
69476
14746
41755
89009
40730
29288
71573
80984
56957
43288
60391
50207
68993
38613
75745
108784
35563
15463
72286
63972
57196
92133
35780
86465
28193
93869
51290
107128
86529
98866
69637
46004
3611
67266
90888
215
96554
8334
81200
109386
51622
97465
5466
76490
26077
81212
31147
17515
96675
103433
81487
43871
85566
73141
86210
69633
57009
27499
66760
33538
82239
92271
35416
41724
49537
82178
41940
101965
90513
79014
57224
32134
66478
62691
64498
48429
33902
95645
65944
86451
89078
103305
86196
20517
22320
62406
46024
79329
45779
2783
68741
18018
50929
104158
59742
100466
76335
57556
48304
56847
26569
105529
44856
48921
58219
65228
97351
92121
50873
9168
24445
29950
68348
641
6341
90668
63047
52365
59996
108826
11022
18737
82718
61951
78769
98335
8290
977
45890
56595
13699
72460
52123
14429
77255
341
79657
64605
48336
20529
73774
72781
6353
97996
29296
12694
78663
92343
65059
94533
47043
31956
69144
19760
93907
103787
8094
102198
104765
9859
4666
74338
38193
56789
88767
5447
13004
14297
25927
61340
34827
55575
89995
107055
43570
9291
9749
78107
101634
30682
62639
104551
62638
21783
80186
2419
15569
44154
104617
76208
54013
109283
40545
92206
11945
85186
53528
24949
99484
79455
42163
90185
25029
22157
87239
68599
31448
96988
36705
88957
83545
55218
83507
102057
77001
53692
104476
48445
53721
99092
80527
107734
54248
11072
45814
22067
52132
99342
47016
41615
68796
89179
21799
49699
67211
109039
74172
98659
51900
876
33489
91319
11968
72871
83376
44844
82437
77851
93289
26157
22817
63815
23891
77065
30761
69705
99133
82894
14920
102023
80383
39590
37076
102183
89289
104287
57095
53460
92945
64869
10210
82309
46188
22178
45179
19563
67022
17615
97414
6184
43773
10230
25874
23538
43170
56635
49117
98177
95403
19911
46073
65786
59501
83149
13842
104664
77435
70937
48123
16254
25805
14207
98563
71993
102260
99616
47430
15156
73105
100719
21340
72752
66823
3088
96290
65867
15598
101281
54043
1000
11191
55991
22660
26566
29139
36502
21229
62449
107439
25226
78703
89119
39433
23139
6985
97568
78629
54416
2723
41733
1008
89938
4485
67831
93027
56649
23698
108625
47930
33615
65499
14995
89606
88160
41562
8745
14661
62791
27068
77975
43892
61645
12967
39199
84784
19952
26766
9286
30242
95364
51019
97125
75302
55504
54956
58328
68028
78654
12826
5957
2268
78325
86827
47749
56484
18388
56494
27020
37054
39436
60869
80946
101081
73836
10144
75864
49662
102786
85150
35779
88149
92043
22903
53450
103422
77859
67652
61449
2386
80478
23280
70530
48803
106
8278
61161
84370
20646
88181
11423
60082
39049
48243
51162
68759
58387
82900
8421
7046
13923
74
95196
105966
22977
38645
99387
56711
62172
50835
14971
32649
29989
85501
37326
30096
49653
98488
4465
70299
32542
81763
86255
27466
20005
27416
96225
34266
66190
60520
41313
80113
60594
26508
76079
39446
21027
21339
52031
83199
28049
67002
71723
58038
42503
64923
88134
48030
53410
48473
8329
41827
20235
94584
69293
106115
77875
11391
30381
34064
27786
27568
4177
88380
9950
36130
83700
96852
13343
25730
25925
41392
92733
97648
55305
91110
52570
99313
29139
61855
37786
103343
59556
13895
43801
84723
10010
11675
96114
106266
1613
13899
89708
71665
58154
99658
63669
97728
42383
77013
13458
68308
8404
106191
11829
19583
43174
64400
8896
72313
82129
46682
21530
31684
16451
65331
6406
92336
32880
58394
44475
100368
28168
24182
62033
42196
79714
15701
29923
12097
48588
43381
80405
12867
105446
92235
32450
38619
2508
41346
66807
40511
43902
88337
72195
60354
109542
34475
42689
98296
92869
87165
88663
11036
67221
106570
53232
102810
78146
83156
4906
16733
82411
41185
29600
77857
89294
62051
6475
47676
103397
73282
88187
37299
7492
50381
53527
72908
40730
52090
61203
23599
95129
105741
100510
52350
102310
109617
45159
26329
38646
5939
108938
11056
2998
28537
44787
92293
46462
51263
29968
105734
80419
74030
98907
43786
80285
42433
6693
11015
50397
67897
34614
35526
19511
90998
43750
77695
46488
88909
104025
85134
50722
102962
52065
53720
87373
96852
101887
89710
38114
21855
85443
74408
95885
74349
8193
66169
72656
80761
33058
13052
104532
23546
4452
14042
4544
48202
91738
51032
92985
41636
92041
33706
34597
34105
43301
77844
20956
35187
57553
14945
12916
32995
89353
64675
63218
53420
86719
91748
24180
9776
60675
18712
33323
65127
98629
103742
3329
80366
647
96314
12001
92688
85895
2472
82667
85070
80317
59498
10256
93744
74443
89048
82614
9669
43722
35831
18963
20440
83454
109018
96092
34128
83604
85289
99255
72233
79030
58458
42598
35551
646
10474
84114
86541
78821
56780
17484
5011
6277
27740
98756
36594
6787
71369
2137
6384
63074
21100
26824
36527
20118
78790
70655
103722
54078
15784
21828
23107
74242
64427
14533
30762
30775
98647
73177
109596
1300
90661
4607
7578
8401
59237
46
81063
20605
2184
87447
39553
89159
70146
76081
65151
38935
102610
14747
93014
74268
36575
71995
104385
56876
86528
25146
87651
75174
98324
43121
32349
78984
3602
39927
43259
62839
105848
14322
39318
63906
101769
34745
43065
61914
66700
108216
56724
59310
12962
39737
89452
49538
1731
83836
62288
44134
108983
39939
75182
97306
38934
107531
22163
108411
103332
65423
61249
99180
79745
56441
53085
27387
47060
52024
45176
3760
50240
101900
18944
19076
31636
108396
24488
99242
38106
86777
33375
37088
82590
108558
90268
11523
106088
2430
9933
99420
23727
27056
44473
103472
39371
97558
20859
86431
39582
21909
46065
45696
13808
65009
64772
45444
19279
89261
34685
57385
21911
23935
50347
104501
22492
30614
6023
84454
98919
81831
73873
12646
64761
8345
71992
104132
61778
48725
36436
57234
70634
82502
102930
84442
103385
13575
85760
12663
58710
76320
25922
80621
100255
76269
75121
78621
62757
37018
53074
7550
74723
82822
20196
29483
47041
48062
89489
64693
96788
15925
11926
13295
54301
4855
97738
3559
84306
29371
82098
33015
105691
108020
3636
51819
30163
34631
86314
92920
27524
29388
100470
102247
68084
76540
87605
5124
14602
67093
69818
67264
38892
37618
80559
49067
108349
24170
52627
82654
9416
24724
5668
70981
88618
75179
12800
8780
109811
99114
101701
93209
84376
92170
85455
42459
14584
18933
3458
95061
86027
29150
52324
80793
22642
88757
19860
20990
68802
28361
103644
78218
53085
109313
39198
31702
74491
7872
40483
30175
62861
98058
13383
37236
36101
54713
35570
50685
73646
104903
35745
5546
89927
43943
86340
2568
88575
62074
23559
47376
90435
17202
81468
99394
82389
76540
86970
2754
84413
17452
32929
103148
5509
46313
96258
41611
56900
87702
48170
20545
38478
39790
91967
18404
83733
24180
86848
62307
86254
66281
65557
22562
39357
37024
11955
11746
3564
98925
14500
43851
72252
47429
102873
33635
49616
89130
31120
106516
66832
35165
82936
105310
74955
64902
79589
48687
44956
56436
66869
21209
78591
22425
109646
7947
15324
77475
19693
84763
22273
100068
84488
94525
103372
77360
84035
42987
12363
5154
105378
35069
40319
34187
30379
71148
54963
65842
9835
99919
78152
32578
77002
46742
10877
32521
54689
26201
109996
30257
963
22268
20324
41325
72668
13695
8684
46702
12557
86923
7730
73809
11991
3924
107996
108245
30946
8832
64086
40781
108751
98112
29233
31626
34853
40111
64147
45417
66312
20016
75674
23150
42284
51872
64475
70826
65568
29034
73402
33999
5956
37007
107808
83822
40931
61677
82067
71877
70509
36152
68533
25133
90139
53640
12633
14991
93751
32654
60408
5937
52670
91956
94962
94954
33828
5310
11654
55270
34344
85056
89269
106175
12062
42950
79997
8867
104627
7937
36619
21009
109964
61026
2016
90102
4665
14649
105094
98417
47303
11375
60228
99973
59206
45189
40800
93034
50499
8328
104178
40718
93385
83446
102767
105447
16395
28637
70189
76896
36574
106808
97905
36538
57833
99921
16639
62498
70444
77607
6788
73621
44857
67016
19467
104063
2204
16141
42970
8578
24470
103022
49296
7854
76467
42062
69175
48736
70700
29363
15631
63148
26170
69410
99686
84003
15204
72200
102376
85648
105681
109164
49268
106412
22054
68735
56348
24258
84876
99318
32836
65220
92339
38006
73074
14679
35943
32249
63415
106643
17486
34920
15664
43657
104330
71225
83534
9533
99299
31783
51055
94979
30947
56197
91391
53001
80806
37738
33133
55682
92931
21844
10901
31143
59850
39850
1697
95793
27973
20986
48309
45459
55907
63974
44990
6110
91073
18524
81519
80371
6181
88448
65349
103003
34645
2613
46003
5450
106227
35011
17006
45031
56855
93783
32048
72579
23632
33745
58372
51605
54732
106681
52938
66513
16528
97929
28497
107601
72327
65890
33845
78508
44338
99195
71511
78983
57682
73388
40307
9782
64273
57314
54813
11127
41096
86862
83707
20602
10606
97953
28081
21212
50507
81019
43599
22910
24821
72097
86385
97148
27986
10230
21530
28198
65299
48915
107181
12980
78177
37488
22763
32450
50676
33450
109452
91772
10311
39032
68248
86793
26984
96329
63879
33366
67347
107479
56276
92169
25449
32660
35190
9309
42890
56720
37508
108189
105635
100563
77044
73812
93925
55681
62136
34600
89131
61587
82246
99443
100620
40493
32109
83478
26821
95988
6843
94169
49340
63119
32211
74789
51654
67401
84099
94544
79996
11606
48607
75630
68043
15650
105316
51968
71331
13325
86568
6335
74913
14688
61652
65532
55181
93761
104884
37877
35623
1727
87920
84963
20720
10130
49752
72374
33405
89725
56918
3400
57205
61399
34905
15247
77049
96095
67215
104254
109421
109658
588
74333
14345
62241
95739
69526
1875
90622
107403
37498
48223
85322
12461
68944
51326
18087
31317
84732
107812
88235
88132
55016
105508
78911
70263
72556
65006
27478
22683
64426
27135
89147
94633
41480
41387
80371
66880
109137
16866
20157
36635
65090
61353
49096
24033
2679
67183
11224
43285
20868
55334
87291
75884
50841
56202
36146
13397
11207
19498
101955
31507
2507
81101
16139
109862
78362
52384
22616
77499
69250
42773
4133
90214
60000
9103
4246
18553
32160
15471
61838
53028
26679
39129
84786
77520
51205
76806
46791
18286
96305
38746
49793
54686
9846
65932
54548
88209
8315
77164
11581
33439
75811
15714
13653
25810
90692
83774
44364
12851
55119
62076
21753
81798
57079
106539
49318
108284
73344
96109
16569
15522
24854
22236
70209
100576
88168
14756
78784
52357
47794
90365
85797
13604
61953
99450
105289
42644
29097
39652
11369
84217
57603
33122
56014
4681
95535
105332
68840
58878
47315
41283
30275
72169
63520
100484
62744
107562
71114
97402
49919
8907
33640
91590
22511
51467
81039
17799
49985
135
13326
61354
40226
26803
50350
96241
31484
35884
47446
56198
50637
94761
97482
80912
12804
6875
71395
75548
4436
32508
18824
54355
107290
8338
35944
19800
15680
72857
103474
65665
28867
72674
17019
69093
99477
23243
55333
86836
59128
58654
98908
109765
43414
86389
80676
56218
93264
107945
87641
53575
96327
62339
107930
93616
70677
99749
69290
86357
18479
18637
107897
47346
91312
14915
72314
36662
104033
83521
79372
53160
32174
68280
8798
75589
542
45348
87681
49681
43292
65321
103256
95493
83534
57059
79108
44211
2681
38397
86442
21161
57035
40212
68507
104221
11001
96695
96757
5034
70216
66129
58194
102390
90283
66993
23852
90825
68215
1533
30505
1507
22728
89635
97000
106263
36694
21982
106348
39375
60379
38663
60536
73288
78876
84918
23382
89877
27486
10139
94911
97702
76268
108980
90092
12424
21846
69818
103249
90061
71351
89629
91568
94080
69263
34442
90342
61831
12298
86689
57081
72677
15351
73491
101840
94227
4282
15221
29978
31769
25360
14888
19470
57502
13867
65436
69926
35713
25254
19049
15774
52479
64552
63216
36558
89689
53532
82774
41520
65830
15336
98601
94382
30688
17965
42095
80789
22248
57316
766
54017
38551
81530
29361
51927
51271
50672
77728
42859
31800
96777
14507
84279
51328
77723
10837
96891
87130
49485
28410
42959
64822
82885
93215
51384
56725
25309
22172
78973
38500
88814
88864
77051
16217
8224
18977
67488
14770
52579
346
46570
39355
14853
20849
46557
48451
97561
33448
25580
37045
17732
24413
57741
56492
73503
109125
3216
98812
87172
82189
93186
21859
16926
60236
38076
91025
35088
61438
105796
87667
17659
42365
82897
98387
19088
85328
36837
6648
74650
18291
109569
92383
108580
57309
104749
27956
12308
107965
16767
99480
36027
109954
77213
52953
16063
5288
99852
7025
22600
95647
94693
40259
93887
23463
28646
2974
108791
21357
9623
29315
105524
9191
11697
59977
22374
72320
87933
34682
70284
104700
90036
62185
60527
57248
71012
32465
18410
60863
39490
41011
2384
90057
37144
96271
69394
21664
99245
24059
108897
108868
53374
104420
73933
20945
54396
96308
93265
32328
86864
9422
92902
66900
27481
109304
80022
98493
31768
98433
5229
27132
95318
7613
7189
88336
103884
76583
0
49003
100642
108897
3744
109890
103316
77678
20834
3585
19859
4098
35913
62597
79395
84689
19496
106876
83992
55393
51242
5759
43825
56472
98767
95017
19959
105956
73352
79718
28412
29226
18720
84929
28122
22464
84818
87312
56016
61527
46771
75875
21499
82684
94347
100895
13247
3842
97770
97239
59235
104887
58873
58934
51358
47639
109825
27191
109469
73177
106909
93755
102403
15628
68683
86400
103968
109376
63711
49983
60902
482
81733
38275
39040
66079
29169
8161
25795
82814
105401
40905
77700
10147
55713
84932
13660
55538
2122
79003
18714
109032
62757
76991
80534
87315
53390
74501
86690
72976
80359
103466
29332
7965
31740
24246
29918
16784
32408
55713
99598
93683
52492
23171
103830
108206
108103
73364
9617
224
42366
28331
65130
105123
61196
35664
82437
70461
66039
15000
33436
102272
74340
62768
236
61955
87014
30154
78739
75296
41742
24210
58978
94234
47381
52807
48313
1357
82045
57930
67456
14410
42135
22586
9533
103332
14124
47844
63792
36037
18719
53102
28309
93059
71744
28545
887
48757
14574
79626
14053
56316
59710
73031
106424
62965
81713
44737
20196
53757
58541
87653
24042
100677
66113
33575
49882
36111
37293
69548
72148
56012
12649
100457
104946
84393
84877
105833
89024
99451
31333
58951
1640
46917
87857
108064
109883
15443
108675
20078
25074
57216
63605
49116
47892
19717
38565
53648
55828
75859
13195
83851
87745
91719
30181
38564
21985
5057
100272
1008
60382
21604
15834
62022
24395
103691
15960
24277
9133
14634
230
34207
71850
63835
39198
9741
39427
77763
19263
51129
43621
32458
24979
87241
14176
11035
15804
36161
16092
6075
103045
32349
93554
8878
94371
7949
2568
330
98101
77576
80840
98331
67657
42689
8040
106855
8305
3341
74618
27568
54470
74113
60027
35324
7227
30077
46359
23032
22113
18325
94982
81032
50674
78536
89910
100920
42359
48352
57124
30459
81802
27963
84665
39458
70653
48579
102188
78958
51920
66805
62400
62264
96792
12426
53462
104020
108379
55695
82926
86366
29895
67907
57397
80569
102317
37306
27362
100550
41532
84487
86884
13333
68324
61548
8665
94851
66001
852
19682
73795
23531
82083
91933
10323
50383
35395
70217
4635
46964
43142
91001
76859
66923
38397
47428
59240
31577
30664
49789
73109
71025
26672
42316
29349
44094
50982
80074
94
7708
99757
29763
31240
27713
11696
107438
78096
2965
23528
82732
49929
66670
63732
16788
23592
58004
20090
38706
89581
50754
88496
8564
11779
71042
50880
107003
71011
57736
32950
26979
65445
22706
56743
52559
50419
68439
5870
84390
27278
29398
57121
77207
96068
76727
93995
75534
24730
4084
4240
70186
10713
48610
34624
88367
75526
85504
41243
36536
99115
74193
63516
10433
52774
76133
62992
103193
100446
24736
33456
17723
54134
46451
94930
106076
13178
78925
71609
103783
38883
31723
19842
49596
36207
54466
93837
1733
95845
25079
104144
84959
99273
57659
51266
42046
89666
70132
101113
80111
94868
24569
97834
104876
26894
82764
100951
105947
7562
18433
99730
2319
6031
75446
7790
42238
19912
101627
109846
71631
16706
103990
2463
71853
7522
53729
3898
97189
13860
60885
23173
64602
41328
11007
59477
68223
49645
50427
64169
13081
24734
9772
15400
30765
85219
23190
73004
61005
14817
28723
22635
97398
22712
25098
59250
96110
34701
19022
39172
4435
79907
62345
69037
11235
73352
18513
35332
78871
24814
99501
91952
49548
65148
107353
80314
40366
86417
109192
57245
101234
27914
79880
44505
6501
60852
103755
102611
95553
78651
97657
99988
48558
50001
14898
15667
79228
33411
50999
48098
14099
106374
30050
63647
17395
93277
99835
57761
69693
54900
70880
16801
82815
40759
61306
45190
57485
10935
37800
108912
89586
91331
98899
94018
31331
3796
109685
558
103082
6557
4531
73055
68806
100456
26702
86201
83732
82411
99837
109299
27311
60716
16099
66000
57350
33280
1189
70709
44215
104864
69621
89675
86194
14393
73693
73399
84065
29251
29832
77146
101684
34363
106076
16363
90693
22777
102564
64424
61062
48274
63722
88373
64865
35696
246
78089
68976
1435
38797
69065
106299
108418
48739
38366
12811
78306
1765
96876
107558
31597
19895
55115
21834
15970
71478
2526
104622
19915
22824
55684
68190
42420
99931
88929
78116
56052
57017
102966
57487
95814
62030
9660
94232
66644
3900
62917
100824
5665
5666
54255
103137
25561
109370
14970
107407
70847
83371
57902
90763
106195
69460
4826
38615
59391
93755
72605
71317
40771
65571
18803
92459
83475
94338
32564
105993
98239
95481
96817
59778
101147
41071
52915
82583
40441
23759
35863
67162
107131
93765
3798
103325
53225
74499
97814
68490
58253
60419
29806
54898
81864
4483
103232
11212
98822
25795
7205
87060
11276
59896
102712
68297
100967
45626
106754
97282
25260
32616
54444
22390
82256
14116
81589
25480
88616
25277
49844
102743
85696
79650
47641
13433
84133
40872
24645
28828
22541
97725
71762
99692
47620
64474
13863
104462
65974
10616
91743
91234
109108
102061
69498
37237
72052
41087
62717
50667
66364
68435
43409
107934
103959
46924
77241
33965
43670
57760
62794
66212
1359
24555
55903
48979
44903
69766
109315
66752
36257
46932
47985
35364
104867
7483
72601
66918
4444
91192
7584
26682
5500
50994
90490
109459
53792
13604
33423
97463
71364
96217
53674
72723
76647
109577
77577
77424
25217
32765
34175
61474
79697
38035
52712
74564
1392
81187
31481
5836
18252
39066
98393
23752
45934
78882
23210
99726
92486
12507
43062
9723
64599
96736
38321
97120
52187
5897
64543
77404
38662
54593
94752
74234
92628
37463
38797
94020
74524
26152
55730
92776
65218
44122
6527
67026
78878
95612
12626
17237
108119
55688
92835
62717
108299
21155
49836
6359
27052
70254
39637
21589
14846
24388
95823
107474
17725
90494
47367
92249
6645
103097
75024
27738
103093
37425
50638
71970
23036
63264
45081
87029
74827
27915
39746
28999
49071
45456
35358
31997
5709
30869
9460
86430
55257
61157
39777
28856
41650
87144
11104
48296
36114
42002
31908
29206
79427
82546
57050
102463
101685
102131
35365
22385
20046
75111
7258
24991
76442
42616
56988
38025
73485
66449
14455
84616
83480
54232
3471
15130
97251
80450
19300
23364
12451
51208
52571
47752
89628
109621
106089
37186
57626
31453
59571
33546
62439
66829
58537
28880
65319
71399
66905
94678
93722
81360
25167
67202
91467
94513
38206
78717
64962
57506
102081
33287
64588
525
81039
89
66021
77127
37276
13646
64455
52721
3066
16893
75425
17477
45773
96618
88876
68552
37170
28472
39912
62337
51548
21378
46850
89754
55969
67686
103134
48049
56848
13595
4449
27886
13684
70470
60888
6834
39990
81217
15430
43056
98110
90855
16407
99757
33346
61157
58308
70516
89629
98220
22853
97051
75472
25577
32678
87315
49137
25811
91239
105985
105281
95688
89746
74840
12031
106508
81674
52021
77724
52978
50951
65833
99707
67358
55589
23053
18514
3896
93569
64018
57991
72296
6942
89337
53747
39621
66652
102885
65432
47890
54743
16587
99452
34488
91427
1482
96870
63100
53503
64593
71953
60328
86300
61659
83560
97763
84712
57948
57534
68281
11965
71399
96451
18908
6609
40198
14403
73261
98957
35709
77025
43699
52296
66476
34062
33722
23832
86806
52697
77335
107274
14649
93537
83573
76308
67096
27210
51020
15044
40618
75175
92884
2016
61625
67666
8625
57697
82069
37761
2527
7778
70660
2101
60074
27136
36163
49671
50968
78843
102368
84178
76116
7016
23588
5563
83324
90685
32773
90218
61603
29265
55392
44486
31281
72892
68027
105781
86463
40095
99416
88991
3747
60076
91092
19696
43086
83129
69367
49928
51971
61734
24105
18087
24624
3568
23650
63822
94253
12297
44040
1729
41562
99432
2089
28717
18197
70116
90372
104661
66086
79788
39525
69833
29863
86491
45403
72949
59619
70644
12876
67464
88252
102857
41425
2875
106425
20949
66698
46551
99121
737
48280
30682
56043
50369
15273
30115
76360
105646
90650
32445
75433
20174
58152
61170
62539
103556
89993
78032
64199
102869
35495
42451
51599
32795
1200
48023
53744
67898
50448
42865
24509
54602
29421
80553
104972
569
66542
71331
106215
47191
59650
27521
23239
7801
44565
85778
67231
24557
53809
21430
17425
45178
19755
24899
77973
20955
72922
87592
44728
79245
20456
69237
23846
5751
105664
18817
6320
62205
46022
68409
65270
61546
95930
88509
69348
96369
64286
92453
10925
73969
3882
94226
9147
89512
9124
42994
66342
37920
20585
1069
7164
106916
26180
31011
2667
87719
49828
74862
39923
51725
33271
105194
69145
85075
39576
28492
71444
59737
10945
38243
23705
80702
22468
98727
16088
31592
31721
82430
25387
8180
39373
32551
5096
65553
63562
73638
43271
69265
104374
39069
76864
27644
100137
36008
68594
29712
20375
95912
89449
31320
24154
69029
67896
2497
57755
39858
99964
89476
12287
15350
97657
7534
47902
58627
73088
67338
22264
72233
26602
16637
67176
103466
156
57312
29474
24624
42899
49849
10535
88222
37043
100564
47250
60813
58935
105006
100672
48899
40355
68833
20123
28011
76368
23899
42512
105330
91238
20650
23436
7839
103163
90613
67180
103319
37924
96654
83817
36697
102377
50226
14919
95294
40789
62169
46106
55599
57174
102652
104498
97530
17359
80495
81415
93727
104395
79802
44930
85632
100452
68366
93471
93614
48978
6524
42806
42777
103178
16622
79474
51428
66848
50267
36721
63512
2436
38702
9110
15484
97228
69482
68888
4586
39976
106178
54187
100245
75979
99117
75876
22304
57483
15221
71793
106461
21745
4598
39237
80798
87096
74586
22225
109818
14852
14821
19203
83163
9397
94188
98648
106625
53669
57535
67086
49520
53712
11272
39764
85565
389
71515
107870
57872
86736
69662
10206
64355
30134
5318
35152
73104
79904
57378
72922
50630
28073
47999
23793
37470
32187
78315
99969
85856
25849
57054
91250
35436
68327
86889
76875
24590
48403
30618
82462
25138
100280
48542
89493
86289
53860
80520
49392
89638
93772
78188
30268
11844
16187
9935
5188
48374
88250
105157
90104
69973
8085
71354
105409
76412
4116
28158
56876
52519
58776
95212
33531
4930
33753
13023
91219
87614
93543
30610
67251
33188
64673
53393
45032
80860
63328
50220
19233
41577
1251
65211
1550
9336
92439
62833
41622
96555
46865
98498
39073
105642
83709
72604
571
7461
41502
47664
95075
90919
34148
52326
14107
98821
105719
59139
69680
14921
65234
44787
56498
66485
109999
13922
75821
92437
32630
7442
78992
79495
105940
73939
75136
35522
102418
31581
42983
33919
79245
28058
80712
3393
36258
94819
102214
97851
109833
17768
2771
20940
62555
15144
87425
62553
94941
9119
864
17570
16561
35730
52940
78375
109669
83950
3896
57960
5531
46879
91879
84776
30811
62591
44043
22943
3283
102132
76669
3115
9899
79440
24055
72454
50458
67354
90882
35399
76473
47620
8843
48908
83350
61783
83157
38892
35733
87053
96853
107139
89807
34605
81914
76492
53070
81832
55310
56354
73963
21978
15343
83862
101418
105274
2189
107751
62627
48945
33149
94975
96565
107867
33882
25788
15524
7039
20555
51257
49966
7407
48395
95647
107887
86183
18013
50957
13888
73323
63185
87851
95301
78528
17586
42592
73801
85651
40342
92303
24595
29365
77277
11160
93107
67033
102823
108631
29946
13377
49887
35787
20784
54156
87308
84546
96213
105321
25502
101
24517
44561
43826
9817
13088
61413
52410
42764
37063
48626
90941
17532
33866
58217
94567
16972
81124
87390
15602
66945
100767
21363
102732
77426
75519
35913
51971
17605
31234
33347
83581
55751
77908
17407
21443
46870
34694
29727
89634
27631
34227
70574
45163
68093
84665
29730
85065
11663
7119
100667
78608
63760
77904
27213
31185
109297
63126
83156
16902
50234
72377
100483
61860
40284
73764
83303
87155
108458
68904
22662
26088
103131
49111
27126
61224
89650
12730
102163
101313
85724
48704
25794
39483
16607
53007
70669
15904
6133
109699
98681
56367
27950
45037
74101
24108
8801
47403
67137
73133
72181
89800
55096
65312
94785
82222
82410
74434
94952
30446
21621
70675
79150
47415
66032
51632
100423
92575
23410
62430
48148
77965
74671
76098
13001
38772
100206
87677
42049
57343
50810
4230
103017
105906
25416
87801
78127
63700
52234
18952
94146
73855
45501
19170
77145
1532
26676
67567
49982
5960
85871
98130
83925
50541
64227
52800
45187
54432
30477
87237
67649
81287
47341
60665
33066
72757
38465
1192
92331
46574
86019
76476
76303
87394
51520
43447
88926
78196
66888
28907
84156
42758
17036
13954
49174
37137
66755
50235
47444
53106
27471
5092
24392
30686
65758
13332
59317
60097
14524
41647
106671
56417
8123
72974
33810
15517
72295
78610
49588
29183
63392
89618
27815
36302
103573
32863
73440
16201
83099
10883
69307
569
15975
49573
97131
37607
62905
46447
97705
33303
88095
94375
45594
52092
13222
79404
67609
41392
48013
73071
70575
67279
52689
54264
103582
46261
87128
67021
18336
60226
33778
87643
16669
5627
93090
3799
43235
1868
50247
96814
35171
94216
37062
36639
102182
50285
6042
15664
47551
9929
88736
74000
77209
31424
18263
70790
33559
61265
93685
51895
11490
17462
95412
94035
88964
78501
97834
22198
36243
103955
9011
27288
44044
46074
63927
36225
52233
69969
51890
55658
79898
30625
19657
2980
62049
37920
73770
95608
99186
13328
103377
66550
30790
88788
50584
75629
13162
104293
97827
49405
98247
62713
76693
98166
64661
30619
24390
72768
56462
32154
18425
92234
62779
38082
95215
80702
31876
14858
22183
86936
28187
15559
43486
14851
60221
49944
90480
73383
44236
34181
12787
98358
52768
45354
86523
7428
31847
66787
36070
44183
98942
54495
26417
51720
48451
77506
88297
80327
48238
479
57263
32299
81914
56623
3025
32134
106567
49379
105518
40803
83560
74179
29160
92202
75408
5682
99630
63129
72469
25699
107313
61410
36068
23729
69005
84519
57109
3175
54846
105347
3654
67983
93521
41442
14605
96546
73577
11171
35924
24968
51974
75359
55021
37008
57560
86303
108565
3064
39432
71034
94638
36744
88318
20706
16347
3196
61099
29330
6371
71819
90551
75901
95676
74071
73217
280
60616
102668
77327
52415
83510
19300
17773
28531
56309
31207
70708
10747
34271
66014
81781
84784
102758
15973
61364
74979
85044
12462
60183
47290
40156
40734
79065
25831
4804
42281
26112
21295
34949
103439
73710
8458
78613
47357
102864
90796
78564
19446
101544
68710
85460
29198
43493
34092
1045
104857
109071
86090
73193
15128
89254
3348
55862
58318
29180
60666
56473
11166
37835
91422
70479
1544
55755
39091
48901
4492
85762
83340
23938
77305
42049
109399
62377
41416
33490
63423
36272
98435
105387
65339
3562
84640
68688
59424
98832
53742
75965
45304
64908
3799
92601
25386
71219
104230
64477
75994
108722
40238
5207
22660
73417
47256
87933
25794
44546
77297
89217
80818
65731
40477
102032
25168
80991
60719
40466
69822
4460
6430
71000
69368
76105
9474
50628
103198
3703
70979
69191
68300
67092
74399
46834
30508
77529
90641
12176
12075
57937
101393
48767
13667
97744
40798
104710
68734
57391
35176
94430
61851
41606
55430
87093
73585
20778
93595
66782
90357
54574
91848
4530
11665
12120
51364
108048
45523
32004
10224
13472
45815
67491
62240
59482
55235
58912
54192
13968
6303
89368
108399
24028
86848
9702
66996
6307
30480
6464
73089
76711
61038
10810
81241
28577
22930
22604
26625
68454
10482
102724
81926
56297
60214
100040
71654
5448
4826
81720
85292
77004
16961
83690
56906
59683
49266
79776
65990
35620
86241
29079
2331
103153
105764
83572
21730
18694
62051
4229
43022
28407
106953
80822
40579
13040
26736
2232
18489
97437
39826
103781
64440
56787
33344
11345
6469
38484
46996
28334
74104
23236
57413
32309
82263
9050
5881
103993
93619
23806
64096
26640
8087
16922
63337
48666
29963
45947
6772
4326
33383
46598
63981
97823
59259
53199
65042
21603
91683
2037
49937
11660
91148
63224
43970
63411
72274
5725
13277
55893
29531
33248
38407
103493
50170
57618
42159
36007
103565
4805
40333
26947
7278
104314
80644
66537
47512
101561
44014
95069
59472
93951
106730
40620
3048
40699
59905
75323
46424
29056
87090
31829
62304
81371
25321
68349
28989
23354
104356
22553
28160
100564
5375
35438
94877
41893
57849
98264
33453
101864
83332
92926
41688
80061
89420
44737
10759
105199
75934
13057
24254
8897
760
42433
90268
26082
66656
75131
5310
16885
97685
33470
7448
58934
24782
102326
56701
82632
46463
90155
30369
19794
28954
72057
55730
74248
72668
22363
69446
104476
35421
49574
3372
36181
47881
49515
18137
4536
14645
23448
21422
68204
12792
28870
17137
37575
87070
73839
76081
23532
9867
106450
109202
104696
24380
54931
68943
97049
33168
94263
47398
24463
33836
50771
60645
81718
100286
34656
86254
4930
13978
63550
73135
26771
92421
46146
20220
25364
75859
96301
4771
41600
48624
3972
36295
28878
14777
105238
81801
47945
89500
19199
72409
79211
69970
88928
50928
16129
79458
93056
86934
93437
46606
5942
10207
94901
7963
96302
10264
83822
38476
15035
15422
42974
84882
7591
71852
99659
2829
43653
103479
48203
18726
65887
17413
44570
688
24215
60699
80146
7271
103507
63582
9751
109450
29663
60526
7412
81839
26664
47108
10314
107575
18404
53288
82456
25996
81015
27989
94700
80542
21467
32902
99268
43228
6190
99712
109791
30405
6284
79936
103551
109791
99393
69176
65114
84930
85576
72526
56769
2240
75509
22957
109815
93913
32120
38144
75783
3134
22007
60482
39550
109349
49259
94692
108451
11323
84403
108241
107603
90687
34051
57028
90477
23443
16203
45591
64247
101780
73991
11015
59894
39499
99848
15582
89287
21967
53726
55069
90976
31608
71426
20525
30956
76559
71091
29407
87882
45493
93522
85484
92054
17572
98386
28404
106890
4589
29869
61137
62243
103861
28026
12136
99234
17873
93593
34394
39840
103193
45338
86690
24800
6763
63089
11631
39196
24179
106913
17077
69672
90434
58435
7599
108007
46821
36004
104896
7284
65873
56032
25401
15607
39933
103412
70716
57806
87004
105110
53521
80196
106322
30210
60871
68959
93300
72502
108155
7478
69414
81106
33025
49847
29541
40624
3727
32236
76628
108624
105395
98376
10529
20795
3982
50462
14206
30572
64143
101210
91557
7663
71405
87878
37873
22275
46837
87047
50651
44991
50400
10064
16097
83425
59912
1512
79923
19513
99623
2425
18136
95017
56675
94541
5811
16531
100877
20017
47104
55019
77101
28660
62682
104380
72412
56430
16655
9248
33476
23180
10114
83876
33245
92086
13174
49031
49472
48972
68544
39094
7271
42555
24110
63946
27095
95796
80477
17971
71687
83455
72991
38787
2114
25672
33166
74527
37976
5695
39649
71453
28876
49763
1202
17995
31848
80252
67026
37194
85098
91444
76288
92369
23998
56272
46314
51093
42067
82665
24939
69628
56120
53804
108415
14108
35350
97456
88635
73327
103151
84159
34779
87901
23921
101856
105896
11644
27981
18795
48838
3078
239
81001
95447
24237
27272
97635
31205
25214
70300
12018
94842
16419
65822
93257
30527
101172
36586
75037
64498
95611
49195
55151
73512
28990
2881
25281
106509
30862
44077
1221
33941
190
82222
19387
90302
65368
72897
11506
90582
33196
89399
75424
5489
45220
14554
101891
102267
7014
22801
12638
102625
27870
23664
22010
12735
26545
47292
9243
57407
47243
76339
91348
47433
4434
66610
27734
69803
29506
105116
50384
18576
40388
81682
89940
41483
52110
37704
33749
59124
60506
46387
7623
44250
70051
29633
56985
52470
76925
22103
109878
80042
98442
47099
17474
58751
69583
1083
18553
99089
62073
24811
73539
102461
62368
53478
33943
4477
47057
23566
19476
107563
25828
27099
107687
51753
56732
54672
104224
89532
32649
104101
59573
86965
107074
32922
35715
66657
99880
54268
11619
51952
34954
85159
286
97322
94511
100105
57673
31567
13670
77149
95004
105373
60122
92691
47126
72729
37362
41349
8134
25885
101324
67707
2849
54271
56503
38565
10927
46382
48707
22547
98334
83661
63580
54495
70982
48090
44599
84530
35532
14143
7552
20535
75391
67675
3225
12516
96278
106462
9739
104412
22346
66937
17992
91071
11207
74496
19635
22135
76752
24216
556
20960
107878
64136
75455
24733
68100
75928
65137
103632
45945
72690
80042
11335
96239
39141
23851
82516
35603
99465
32801
13823
56401
6667
60768
67609
37037
80403
45618
3789
60494
2048
24749
14245
66184
100204
38978
90158
22005
104116
83790
67950
22679
53831
79286
8917
92972
59011
91433
84449
48476
80108
54147
104877
86775
4914
18359
13812
41192
19851
17601
101686
21899
108225
5930
43957
54302
782
24115
76307
60772
63779
34256
83451
73484
69416
92368
12329
18427
29674
96779
66903
109782
106800
61779
86557
67588
36013
56243
108780
55864
29718
56339
77764
27942
18143
77595
82244
84801
101710
4424
35572
55488
38680
74898
84846
108097
13139
97176
16523
42814
39828
39300
108470
36627
101079
40900
104215
92966
97143
58869
38830
82735
71082
72468
676
89226
40062
38794
64026
97647
43218
55472
109009
37773
86244
83855
101744
99384
26904
8266
98072
66732
47566
96541
103359
104519
27441
53447
43359
80458
2315
82189
53193
73398
530
9743
8497
106467
4412
72523
49987
3504
83869
4870
41277
15987
88725
33020
5370
5628
107161
103442
28234
600
45856
21592
60994
29171
75039
104353
65504
33229
32415
8696
106627
98820
84314
70998
95286
44600
99395
101148
48105
73263
106018
89382
89250
40616
78277
50494
2118
75437
109810
30352
76038
1540
51944
92906
30711
82857
87258
96215
6085
75547
60785
68586
64366
35099
29583
49651
79699
18977
106673
83678
48115
102690
63060
93239
33305
31336
99608
35423
62647
99417
65775
94559
100957
73593
77464
87543
46450
10595
73757
8409
86142
24542
32870
40507
15515
18327
46033
51088
37305
42705
24766
41294
35395
43700
90407
24574
30910
80014
59998
93557
69431
15772
33990
16261
45240
1453
103804
91690
77924
23435
55973
54065
47977
88843
50447
19366
107171
96480
26328
100350
95059
51094
31643
86328
50668
12049
902
81578
92064
16774
21009
7368
98421
54999
89504
33660
12326
39182
15349
90250
62617
27197
34315
66468
6039
40636
85834
3209
92990
2161
103559
78048
9130
91076
54376
15672
59000
11152
97251
106938
27926
74134
70180
82221
19132
49683
5881
31458
88865
87105
11708
41481
4301
1897
107949
10341
108408
39656
79425
91397
41818
28858
59444
6822
9933
69694
22494
68933
36720
75619
21744
20520
39752
91924
102742
58884
31607
108623
46217
76346
41601
13799
7827
45903
81571
71650
12118
79978
1306
91543
61374
108999
10400
76692
71695
86209
102261
94189
1015
28980
15682
22760
5375
11308
4683
108117
26067
102165
62613
72284
68511
104214
41957
76338
40116
13527
103862
52234
49379
105168
99652
752
60040
65926
33318
21734
42134
25578
71798
109025
10433
87480
21784
15808
98788
92342
79799
80729
84507
32411
43012
108892
26624
84969
31103
22615
54370
24964
30723
103749
86007
20374
60375
36046
42175
93694
57781
84309
75146
19578
39207
41453
62932
60991
57261
7593
109208
92934
88323
39588
15344
87209
38479
107844
18052
69582
20458
72422
50420
51181
22045
26426
27430
82420
62473
69605
21987
10253
109788
97134
95706
38995
94461
4511
55860
107597
77979
55067
90530
12175
94655
105875
99385
89008
103718
7436
4463
80050
35732
54884
87105
57777
81310
4534
96072
33782
30013
8058
109910
29801
61066
51489
68796
45527
56000
80530
108998
89854
25597
89527
102029
76126
41275
91413
55134
100867
54723
15471
70916
46330
70355
48021
59981
41665
8429
46052
75447
38443
54111
75357
24118
71051
82720
48788
72452
28720
19317
71449
8573
44914
50976
601
76915
92251
47889
87923
83118
58486
103394
109908
104816
63749
47928
54797
105414
12232
56723
26734
50675
66708
57965
30667
27759
30685
79455
100211
15279
98772
17534
23852
99561
24384
90328
66475
6634
94091
271
45626
108452
59539
1408
103267
13287
5210
3937
74575
17442
16535
57184
23991
83243
5148
54658
1001
35833
24112
57087
51112
12884
30495
30838
68319
54879
77041
24793
17387
17005
90939
63014
15456
40477
20296
74598
9639
25506
78535
84214
42949
95070
31397
66940
24187
36546
77473
91063
28253
101585
38149
35240
70343
24518
21952
28661
79397
54867
9328
96785
71873
100267
5672
87329
30744
25968
51926
40383
51474
86336
80471
50297
27279
1868
7237
51466
104289
84710
32529
88416
32168
26552
79530
102512
51071
57357
21172
20467
2223
30501
73126
74096
86642
78798
7299
7385
60640
59225
3642
2114
35560
84114
52411
18714
41856
15522
70180
102019
56106
102709
36308
44149
19261
5838
36660
26206
63195
13706
2547
21292
44207
75674
95389
20849
345
102688
94109
60986
7786
53626
63100
109222
27739
71385
17935
25469
42782
88115
83362
54762
36698
9669
98911
11833
81382
25570
38039
100451
105152
40586
11743
39358
72134
63006
16081
72480
55693
66065
23465
19353
9690
42439
18574
103304
3823
102384
84647
2479
36373
58008
57242
73071
67677
46152
40778
104934
27597
34691
95384
22748
75277
63001
17980
103286
16006
99937
65765
27573
56001
45104
46927
65691
87543
21375
14868
47240
13759
99515
49720
50132
47522
106962
79077
71073
108988
9854
21880
26584
44545
7264
5206
75696
26139
23187
68981
42146
13123
90620
69719
69124
25723
72520
90689
69140
93896
61431
6380
107655
50945
11974
3660
54341
74810
82737
15413
73797
48465
37294
56256
93010
432
17336
14579
26571
40523
39435
24591
9520
85929
94311
34518
67527
56830
15206
26666
106600
32511
98921
104254
83456
894
63788
27796
75704
102399
109085
105376
40863
102253
7505
89747
102685
24841
60201
85130
21239
99636
109722
30759
75564
49906
65278
33090
106736
36358
15631
103336
68870
4551
53463
108200
71321
73126
25996
102899
65524
90955
98274
62262
83207
61653
107883
75891
42369
58083
6894
63608
3592
72490
50241
35031
12395
71393
23995
75006
63626
39626
68341
88370
44178
77678
86569
71373
40803
68439
64271
62202
49393
8419
14463
22599
70072
12345
54364
2440
26303
61259
21922
29895
23748
28038
64926
36144
99431
88922
1149
53056
84422
25364
31425
84474
58916
73869
45846
55594
32307
117
7795
37575
8536
88133
60174
78608
56352
4538
36923
38529
21671
14719
68425
1293
42757
89225
103312
32188
24020
60335
41118
108443
41573
28418
82916
100490
102287
18762
1957
90468
18879
75627
18042
27415
53759
78217
61897
65985
38629
54694
104515
16174
69414
18813
17467
2170
108038
76654
100233
22058
26988
31351
86375
68562
15643
59290
14925
7929
78052
16882
54271
52805
92509
72314
36094
102142
106405
97992
14000
100908
42685
8514
7081
67973
93202
90423
26018
91240
57076
16250
69172
84065
3475
45546
108501
19118
60710
13425
92922
94637
96182
37193
37441
78690
65381
73536
26705
61785
17401
40705
52692
15960
5094
15647
83934
98296
106070
65826
79535
9020
82076
104581
93085
41426
106001
47459
16418
56711
60884
109341
41347
47065
102408
34662
81629
57788
64072
64208
75447
81473
104913
18138
53308
6
99660
93116
98303
95729
48941
23711
104749
86891
84167
43707
18316
80167
91166
34735
92752
107924
99950
24098
862
48231
14635
82491
61893
78707
36698
27339
6054
97486
1351
59362
97492
101011
42477
41668
86739
47292
21254
37362
24182
105421
36943
42499
31461
18109
33108
14213
16032
88932
104186
82770
27162
8820
55260
44929
43402
47833
72268
49456
35318
73619
108818
88684
64629
107169
86227
107242
44460
107481
100478
24516
58775
27421
22889
46110
45530
55997
60323
17436
100803
10383
100206
83839
85078
1340
18767
18479
49173
91035
67935
40365
10527
22626
84923
31030
19794
61149
28272
20128
14503
18749
44645
29152
46170
67534
75263
47574
79406
91460
20885
26082
57717
11090
109922
32795
78305
84563
51274
83352
65598
9209
13716
31999
31835
54514
63030
7504
5662
47176
93507
86041
21799
94026
5192
67970
51560
36329
71418
86840
83664
92303
2921
31380
59268
68717
64175
27572
43280
71324
924
64752
36407
80515
96751
24116
25028
5654
31620
96566
52830
81002
72606
74630
65027
33672
98474
72461
25876
59891
49300
109540
108069
8096
96794
13210
76813
6843
40782
75967
78167
107581
30718
4573
33970
17469
28689
58998
23123
16184
45563
31828
97186
74043
106458
8086
107716
94931
80548
23591
695
85722
89005
108764
93818
75798
11973
16505
82641
8630
92472
6681
72085
13190
11254
106055
96534
105819
55053
75531
77877
56490
107359
65062
86408
59690
73148
39997
44620
109570
19462
1190
85292
108467
65828
69109
30138
33676
41488
2779
42306
89835
75335
70265
103025
86590
66320
45432
38282
77247
76837
6158
89611
74196
27094
66018
89760
56116
61889
24380
55686
81351
91445
30977
35691
47272
55960
65830
80948
97449
24483
79128
77283
99818
39393
26181
32281
61587
27487
70563
28833
104324
32595
74318
24393
59689
96211
4153
5805
48099
94408
61491
19450
75852
48342
55141
13123
104302
76845
49946
91750
101328
84948
14906
47020
80215
106962
79301
31801
24448
105739
16508
18772
28333
90827
43165
88023
77037
47318
49702
81010
31725
67067
100460
107577
5408
1475
76575
109710
78320
82395
47334
25522
57342
18114
72542
93432
15076
41842
15232
39524
37580
97616
14170
21788
78442
57336
65685
1352
60528
5386
82362
92254
72453
28696
45704
77861
30171
78153
33444
64365
50547
36652
89887
63764
54767
52428
47195
69843
50145
18301
65241
43599
5916
79412
65387
40232
26747
21071
107459
87275
92332
79821
25402
54784
64391
26981
88519
94562
105134
77838
4800
45681
4489
94688
65319
59256
102990
2513
84973
43134
20814
40214
86734
92606
75500
107995
22837
58121
19066
20296
101270
1397
55991
16672
12056
10381
43653
56449
60817
104661
24286
65617
106216
28776
6178
61534
88032
109169
19921
18879
42302
106611
14967
84910
89216
90467
82905
2052
38587
57845
88223
29856
15116
34213
2402
27172
468
1929
83622
17159
106591
107908
38651
102806
92558
44829
10214
26464
43997
30135
45343
42174
26745
60310
17083
71835
106651
55862
29762
101112
3706
7984
20967
18823
108073
89245
45995
64415
91174
85491
81575
43638
39273
76100
102319
21830
10928
2532
48294
10800
98542
49511
8848
15287
109821
25931
42996
62345
81794
72758
53456
41374
36617
30298
60197
100564
9542
62067
54978
56590
37557
92427
100229
76830
58526
92547
54535
25329
50953
102829
36129
39494
42340
44977
10655
108035
26782
53652
16254
64450
16409
69710
105825
8900
100008
11895
109464
109550
73962
54442
12014
67394
102743
2242
100098
7143
50663
44632
32472
101616
103336
24475
96984
35675
25326
107640
99584
7982
51291
5837
72433
23574
31422
24131
32475
21429
101901
31938
86854
65863
42254
98868
89131
100872
56984
79228
108015
63521
13860
30486
11010
7195
54961
107994
108745
36161
105633
54202
44143
2797
15914
72450
92247
47336
52455
14721
68765
44356
2533
1492
218
662
100360
89349
101534
3217
14450
99548
66738
28310
85908
77748
101380
96743
31616
100124
22903
93123
200
22920
95921
16114
95371
34041
63450
37825
4636
22214
82181
7169
89582
38273
73706
79941
83496
65239
39033
97947
10660
61645
82131
52442
29393
73511
39184
16883
19508
17961
5
19708
40882
51800
101697
26252
85841
55146
19951
90477
33235
102133
53521
12816
30405
83101
48631
69776
38340
87664
57722
4874
39309
95727
57317
24576
59237
52375
41459
34620
70337
107339
10202
67093
5013
1899
49219
46728
57045
69170
93080
90280
61302
36600
103096
47582
75575
41727
7357
3914
85265
20953
74664
14573
6679
87855
105024
21791
30229
36482
56411
56440
99696
66613
79407
104709
68512
18625
41436
81432
87796
90390
61711
39097
16989
10681
42553
92565
8282
49910
52353
93547
26737
82891
63995
99292
60745
59018
11082
46849
51375
23367
59163
41070
45854
28570
101653
70241
47195
98963
41672
24990
79353
103383
19962
52216
69938
62515
100655
78220
68300
43008
17641
50911
81773
37510
40202
98393
96528
7158
101116
37902
30525
50278
34846
76380
34722
26498
102495
81918
81336
34166
62782
50688
93423
82744
102904
53361
101134
93559
87455
59433
92441
60970
343
64213
98480
40546
8479
40882
3578
109595
78784
34104
49873
69505
66358
84595
51877
58852
12386
23212
48892
75169
73900
32314
3786
22678
41549
104920
6236
19004
10226
54551
35848
10570
74638
24328
6990
83118
21084
10568
82712
99868
546
88459
15246
22778
18928
67124
81630
97189
46210
20521
62357
10110
8710
22018
32788
50259
16937
104899
25137
27164
49449
60986
103609
14086
41188
66473
97204
62272
77041
25790
8013
33462
70123
23260
56240
89051
46258
93745
76240
92468
4265
94471
58452
78850
72363
91240
19109
45175
42012
44246
72339
91461
61106
21821
61422
102294
88294
4499
10439
11208
30289
18453
44670
100413
107588
100911
35337
109720
84655
1576
92187
44794
51922
40639
13644
14284
87753
98628
59459
85640
32873
87672
67100
49854
65367
84396
42147
43660
88896
8461
10743
9184
92789
55413
65471
90376
2197
100809
90095
42726
58259
28155
87521
66055
24668
57039
80340
68296
45666
95673
43935
34413
29219
66909
84267
94586
41305
82289
94121
20200
46624
104864
95259
29412
6150
50730
75662
74223
107413
11630
6948
11545
39785
50343
77601
20328
107382
47940
88624
108922
99487
22558
99210
18705
89467
29350
69166
86646
67513
9160
106846
4136
69898
47979
33548
76048
54583
109210
40270
51995
10839
3093
63540
6499
53436
97015
26827
6692
34954
5450
71488
90316
93883
60697
64895
29223
90048
89935
5869
3434
99095
68589
7571
58992
72442
41119
90915
17024
106204
87059
24893
7042
90152
44308
79416
99463
31322
106243
106155
22151
67567
67642
2466
7323
84214
23235
36547
20135
3170
108291
23569
102265
22753
31140
7131
95196
28134
98046
2219
24337
75104
27113
97254
11130
27295
66670
592
58617
18786
62621
80768
42228
86137
39108
49551
60350
62344
41972
36359
65514
106137
59929
13652
18890
46943
20783
4085
75077
74703
72179
55288
105682
55166
42542
72686
82461
65086
73278
31078
83872
91773
1845
16099
67909
106829
21525
84134
59172
63497
10492
80560
15508
26295
94212
34398
29113
70870
104358
60064
101447
66536
5352
97128
77577
3768
59813
50037
68854
88965
81115
108600
70737
38835
14699
94521
35663
102099
68654
50709
11469
35020
21268
26977
17190
5479
17249
2177
32223
11606
62241
23670
34017
23467
76672
1593
93110
26485
7504
51963
71324
88620
6437
32061
83329
87011
82456
74866
79109
106984
15574
90578
32003
36842
73430
5067
108196
90679
7244
30419
58160
25360
9963
48051
48827
86635
5518
31937
68994
13022
39774
30318
101642
46211
62379
30844
23221
100709
105710
58204
97692
11283
104657
85569
3999
68086
90637
2195
4638
53755
98489
18672
79115
108452
66723
17942
40960
72241
5753
109955
85264
1401
30272
32779
47613
48525
19498
26708
39233
15207
84913
26924
92366
79569
68367
96365
103529
49003
54434
64041
58633
42922
82714
27747
107248
105311
1563
38208
23426
7316
38162
64564
8718
24308
53217
12205
72833
72715
38913
2065
43797
79700
94864
92037
5142
53230
34275
64545
58108
88710
18586
6740
87506
57174
100362
40628
52484
101926
34710
31784
65116
28746
96348
29708
53054
39565
41913
15886
68154
36701
83826
1950
72275
24563
49861
33292
33667
84137
97837
91775
18720
72297
54389
106226
19470
44751
102728
27829
102551
27437
59613
13540
12057
45961
43249
65111
41400
41036
36871
109554
33611
76571
67379
61761
101134
7239
95053
90676
47250
38763
28324
65970
1060
82714
18070
86405
83339
10797
4233
31763
104110
19721
45303
6166
21556
44426
27152
62956
85463
19897
18383
74948
96469
41636
26708
43476
4750
77635
24151
52000
6398
8350
7970
7458
91064
26040
49737
20276
102712
53971
7913
96821
73692
53216
58862
51122
97643
86014
69952
28979
105911
88335
103927
48253
85846
86510
47604
90596
54144
27629
32595
16416
35979
106440
89749
82917
22479
29486
103193
15191
39331
1105
67886
68897
10196
16747
10018
63713
58635
79970
92692
10420
14178
42492
58673
100024
84876
62151
80619
94895
89781
69089
1310
15759
65528
91060
98677
43882
10545
47743
14947
49876
4723
82833
8772
14919
99581
18790
34506
4089
98760
17197
14509
2937
15563
73183
58836
100440
91208
95329
85334
70988
54417
42518
42622
75820
23577
97173
75576
34122
100790
90523
39872
105513
63355
48644
76306
8809
23308
811
12899
77942
83883
27408
36754
99447
56465
95590
45760
37673
80918
86968
64535
91210
19485
107157
57029
43063
50203
88479
33059
40993
69001
72932
102380
88230
77450
68686
97040
56633
25371
65813
24574
109255
49095
17202
54575
61435
2791
100335
54982
39584
33176
75391
86668
52661
72548
33696
51598
78625
12174
40532
9617
37049
69338
1997
15278
36787
26557
68192
49294
51928
24004
29743
7056
28974
46945
61631
90409
5611
7839
101265
45195
106890
66655
21862
5425
95077
11432
57023
63702
89481
97555
29193
82404
12766
97065
97682
5428
13621
55874
54722
21424
35752
84465
94355
64726
21410
45986
1008
92896
9699
102273
28090
6589
58928
5826
12014
109879
83133
24911
63580
18487
78341
48648
100891
91107
35712
88572
96535
5208
100320
107132
92507
26072
81596
76861
46672
58880
78721
47681
41775
88421
39953
25739
50884
54755
97440
18772
54634
26446
109558
74088
44933
77898
12735
35823
14879
4322
80270
67288
9530
70589
64419
102037
52535
101890
68897
99208
6643
103493
36888
4293
37787
32715
95907
88671
43345
39221
63317
97979
65667
62874
17940
600
96647
30676
102298
67400
34998
28441
24687
402
99031
44981
102439
107440
102745
17209
96647
65262
76576
23534
69555
4362
12124
55462
48907
55469
50557
2223
109322
6223
20972
17261
72698
73493
3811
64996
30892
38809
93437
11453
105086
38341
12308
53398
35781
70927
70608
22427
26189
37183
1836
95744
107421
13960
107080
46327
25303
47636
4425
24624
9734
25397
41885
82432
54764
45697
37427
41530
40380
86739
8857
35466
15079
87041
88864
6734
47967
5345
95037
74156
108404
52747
15774
105824
66707
78728
108025
47884
82239
2449
72508
91973
93721
4392
64404
38484
50089
57706
35888
46344
34444
44746
37684
5397
21786
16547
78007
69753
87768
63043
99784
42045
5789
71432
103743
28370
40159
101767
76254
78272
60091
38761
60244
43811
109028
14648
38170
4991
28228
74058
51335
62672
8803
89019
23943
96464
61440
101950
12091
105082
10866
1874
37126
82530
29180
96743
66774
69339
88510
98902
37611
38600
27662
53729
38285
92565
24251
76455
97556
52479
40513
38890
71025
5190
83783
94969
101655
101097
42792
3745
96179
9533
71494
89179
92063
100674
75922
48837
15886
10305
37738
9371
4779
21275
63101
43064
69714
87352
9519
57269
95706
50032
52033
56730
11096
25815
107573
2750
16911
106240
6495
68964
5772
77989
48143
53709
24536
14064
58420
40423
24369
52033
49794
29148
29182
68769
72212
98896
46121
37605
46164
31826
43511
54071
44430
54608
79886
42003
57358
52671
104117
19728
77510
109889
53591
15652
53597
78128
29716
2017
74425
9959
9924
14218
39107
39106
82988
67193
28001
84983
60673
74165
72683
104184
18235
72987
4665
53995
4989
62024
62540
64980
37626
30049
64868
91217
1575
74340
59344
31291
32231
23768
107125
42155
103862
102106
81261
32723
15173
109262
73580
75846
29300
36262
25903
3409
109249
30569
13278
70113
92593
31692
25092
20218
17616
45835
67309
19191
10174
82528
6357
42405
106296
3481
40434
56031
61462
11694
88754
76635
76830
52333
42480
106130
44469
68383
65413
109593
98952
78691
69705
37418
66257
50671
13510
83873
52380
80820
103065
62554
53347
65296
60833
5516
24651
101267
61548
86113
68835
106176
52747
35664
4383
51101
97668
48852
75359
53080
4318
64310
87645
29897
57603
109777
80569
26987
83649
22948
107807
32587
41377
7027
53757
58084
12544
78409
49351
29966
54521
74060
92016
63143
109725
96399
4243
53266
101126
79602
106347
105444
99787
39865
91216
3263
39641
61784
30250
79165
40606
28057
67626
37857
100959
11383
95942
69377
89792
35292
99343
100187
109352
37233
53329
64950
89506
57573
8216
36505
93049
70437
97824
38709
66176
79039
41972
105818
30822
72223
30856
27302
56154
98482
65160
2986
109865
51101
72364
45530
42267
17580
35717
107493
54813
89046
18317
34319
102493
92408
70824
85542
52844
58647
80125
9019
27685
12097
70711
14381
40194
57441
107559
52222
45923
18592
55208
1661
25567
17571
3066
23708
35152
38783
87075
89965
83703
105392
80158
76196
87799
106857
7611
96517
55503
87736
61411
39063
55707
22121
9318
95901
79563
6876
103997
81360
25468
49205
38895
51035
66776
41961
30617
57802
36618
7692
37767
10321
3083
73799
42391
46757
70655
50002
33273
82033
93612
94684
76970
105194
72680
86288
46968
108117
93165
40965
79476
74507
90170
8370
81417
2819
6206
2033
60622
42824
9725
54263
53145
78684
18061
95536
15440
44591
101412
4587
16623
40898
55146
93593
101966
17825
25754
38933
15941
74793
79898
51291
39300
15941
59661
76591
18761
21741
34498
79383
64566
98
23645
73585
34656
107581
14995
50096
42171
6406
10557
14668
3178
65703
64135
105144
83528
89890
99952
55343
54682
25723
106634
49856
41665
12169
16446
16300
33910
6819
95683
98476
6917
75202
17935
41573
28656
32930
47543
70828
105211
13974
85496
64264
79678
39631
59407
9079
85395
5232
20297
30076
30956
16930
79933
28495
29099
52253
44795
63010
59072
96352
7359
21863
61553
91169
63436
90209
14098
66853
6910
9309
36702
48281
73573
6379
43786
88854
81333
19180
94087
101630
49256
80917
74435
19188
109412
103534
71442
80
12417
86388
96432
85652
108252
3858
66820
17561
49941
80919
40289
56852
46102
76991
61007
75549
39244
104793
10276
10576
13972
60237
68081
19102
31153
32515
104166
96439
91923
21481
96519
60215
107869
82950
35866
106120
42682
58560
79556
92624
29478
9844
105350
31454
86835
56356
62877
16078
7022
73154
92529
86869
23390
50609
105971
10418
38998
56010
106857
86796
77491
93376
37010
75360
22199
72876
27353
64882
21435
62783
47505
6788
72627
108729
104117
49461
55084
56994
21413
17980
20147
3942
104849
109412
10425
56693
9829
5298
2703
6686
92094
80194
55936
19103
1427
78135
91979
94656
98891
69288
47438
102270
31950
10065
100998
26067
15400
1955
83061
102689
19935
59082
106631
14783
14367
72930
71477
24197
78228
30054
96758
16195
247
108568
35298
67550
76702
83151
8079
21467
108314
55517
13736
30263
21456
4734
56330
102732
6689
95265
95420
26625
44346
47924
107283
58714
10853
24633
38785
44956
54687
25542
17025
10809
89984
52324
34233
12559
91349
42312
34026
89662
97829
47763
75800
75160
8371
22129
67891
15060
7394
53310
107560
7614
101234
60717
22202
67961
85350
16861
2916
95912
108278
19942
106721
88261
28140
30953
100821
75363
29139
24846
10899
16967
28483
86699
92127
36854
64702
50017
7789
27970
59201
5348
35585
50434
21939
13661
8395
107290
30523
77186
93201
28800
97128
45795
7061
81142
32622
63756
46505
61761
88602
57404
34602
7085
99977
16729
109814
54678
22620
7602
82649
81822
78826
74108
88130
100765
87769
96525
98054
74166
63711
37128
102967
6712
38797
65902
43729
27293
19657
90234
89054
64133
103512
13656
27092
49362
96260
26906
104040
74754
34508
76688
2449
69208
40795
90580
59973
84439
32978
3900
48604
96689
106904
107445
59276
35700
19220
103005
62994
104752
39112
107922
58885
98498
77452
41851
37859
19585
68757
31898
94340
59140
64461
96789
18347
61130
33242
34194
35568
66221
38095
40047
8783
34998
37491
68059
26572
12586
61063
45440
7337
100175
43362
22096
44546
10813
63948
82405
30399
22704
4303
80613
37718
68764
23275
56066
85768
56518
90260
11336
12738
84229
51383
21521
9226
44748
45455
101674
13208
62392
37113
20546
8441
36349
108517
52987
47163
62464
25392
33436
41043
29695
69923
78761
54333
93198
90701
30100
105590
26835
107311
74202
1063
4567
51598
76165
5190
97053
67838
18398
49444
60825
38944
57885
97175
37461
872
100212
55799
26264
89522
96842
11833
49444
21477
22040
98516
2177
8014
94106
29012
71200
58307
95951
75767
109905
62115
36831
52831
85827
55230
102276
102526
50048
6034
45574
43383
6906
35785
99183
99045
81181
41898
66752
20624
63375
44666
75015
21427
8555
59120
6313
79755
7426
102264
1395
73206
10252
38227
16036
51953
49331
74186
44479
99379
80221
90053
32762
43001
81713
87819
32046
52893
19716
54672
29392
38966
55213
104407
60393
63768
53526
66706
99397
16826
14844
56666
45906
25096
50767
61943
32924
100098
26128
77403
89477
106349
13329
78113
39350
50916
55931
27270
59684
31521
37816
89076
70487
93029
39356
86754
2670
92882
43460
102067
65582
14178
48733
1488
105149
55374
19305
28072
45472
1307
61349
90823
63531
30553
58935
58755
81469
70740
41899
31152
58135
79715
76102
84497
18618
5457
61250
21288
54213
60584
79230
9795
74762
83837
77158
69911
29210
52337
53857
74682
53644
5206
55504
7174
35759
70313
65929
73102
96927
107828
104255
45062
33417
70356
19558
52035
31688
36682
73323
85901
97267
42552
95696
17902
16388
18727
43687
45599
71064
97545
76155
14708
102751
87534
87757
94384
47846
43686
57485
100648
107388
7613
101584
30804
77970
77016
82839
109658
3697
2036
41432
56838
44588
27128
74741
16851
1729
74302
62450
72794
61846
94479
43376
10470
72012
21132
60728
9858
20692
8213
66380
83955
15826
57963
4758
49670
24978
43472
5201
28675
45508
46634
85514
45970
29636
6128
62821
31365
36304
81145
60033
54025
65624
59283
64495
27635
36290
15223
103368
56982
89311
59747
30936
105137
7709
101570
681
32687
100916
5882
17237
36423
52516
58625
82393
38026
20627
101089
25266
56931
72233
85299
955
93731
100457
21325
11366
26746
102423
70608
83728
81733
20355
70539
32743
93939
17982
33424
16626
8897
39307
99738
45320
47697
48362
83587
41598
68989
30549
66864
81794
58657
108037
82750
42387
98493
59949
9627
15238
52371
80236
54841
24103
56465
15379
12720
40403
99236
46145
12903
108133
41326
2640
109327
44897
6876
38787
86495
31739
69337
43358
3533
83868
41395
42157
16254
95762
57980
91757
1000
350
61992
55841
90328
74331
27094
103048
4733
16329
39192
17637
14461
36392
86152
13787
81290
48903
8448
57784
80642
33659
57017
40049
7526
54286
38080
89656
40047
96060
71412
106922
52284
89278
52762
32611
53608
79856
25659
58341
52059
20725
31852
66520
57118
73879
36181
94282
12781
504
107940
49297
34163
54956
45221
41690
65116
83301
21345
61038
25235
92757
57959
77519
72034
721
66005
15641
36451
91664
29856
88511
68263
61709
904
81255
25587
102961
65536
104243
103465
63476
43539
27627
74306
88760
25191
29422
62061
46536
46334
43170
95167
104293
10688
57200
60888
32567
28715
53214
80105
58572
97599
38368
76155
54377
9622
101742
47337
31033
95984
106676
50383
95397
24303
14688
74157
49494
109985
92092
51905
46318
25261
37071
106486
101824
50146
57373
24391
78861
66461
104496
93307
54059
98738
59461
108437
64235
7076
1647
95268
58934
108324
35650
44331
22626
6212
8487
27994
72072
100579
79899
74264
81714
72845
70749
73537
12990
83997
53802
47725
40457
48298
31032
50391
37035
46367
48827
101270
53444
50474
42411
2377
4671
33935
2582
27297
40148
11069
11166
68094
67522
46939
32357
39235
9783
103107
68647
88648
32977
12448
26373
73434
16620
13279
79699
9530
59646
18525
66674
68964
24874
64960
27216
29545
98895
29798
12717
94917
106743
89758
53010
64264
92571
85368
59374
102355
34348
18020
36876
67325
96343
19123
96633
68838
32402
66332
78368
47923
40731
100916
6886
21479
55875
34102
6899
44770
63901
85491
29686
16517
65248
82697
80781
47818
13938
30154
106047
48286
4048
98798
71485
56266
7920
58117
15103
40323
80323
93471
44120
11054
84386
51006
32533
30261
40983
39432
30905
60758
14922
60591
77275
36044
99162
48055
39737
68974
34084
35783
73134
104007
24580
34618
50272
98376
48610
65375
94573
18932
48845
28692
29986
89106
79698
18394
75241
10680
13700
106146
27312
28623
12610
104587
20541
67647
108517
60278
26620
32600
51936
99755
26606
32390
90247
76879
20765
28856
98128
5337
3663
102848
34029
33649
81953
69602
7917
3067
36156
21618
109213
63469
6115
11822
58055
26656
35343
12445
42809
61964
45045
94745
7592
27526
17134
97839
60279
103775
82570
48406
109112
86233
107128
99016
75756
79080
58617
83674
82147
50647
61166
37233
4115
67281
4930
18045
93937
40273
30490
92620
102237
31410
77364
65703
14810
50373
9416
30963
44147
91986
35243
109133
24092
32371
54022
99848
1450
68513
29395
39472
9160
90561
76705
13275
47841
81635
97195
97653
77783
17685
36146
70019
4969
3510
91597
19779
9757
101013
50742
9778
38872
85985
74785
62964
8355
18807
8685
75681
87320
103956
5152
96480
84516
37731
65630
88232
75241
52824
31758
43023
26383
67904
68916
31352
27288
50512
7005
37045
107399
13621
2697
36270
99607
77483
55108
63836
96290
19668
29516
29483
13623
100543
81838
54013
94149
103342
98119
59389
46165
19876
102412
28423
43655
17201
15649
70943
67714
22655
63863
65112
36276
66560
57257
91757
34042
2364
45593
86206
22032
30983
71564
101530
87401
43401
45543
71549
36742
33661
20937
38781
9412
79223
23078
53067
96424
38728
14009
10011
17257
33746
30998
53533
100307
88255
101165
90223
46493
36757
22303
24400
23614
93867
15929
1014
93142
61472
72563
19883
51008
49374
14538
60420
84471
37617
3486
70895
32219
83370
36780
49476
72991
67778
58883
63297
46032
50047
109394
48400
42678
87571
72800
66293
71437
88729
23181
54578
106076
51619
30335
47083
100993
748
63377
31338
38365
22737
102233
26458
61981
94887
75934
24971
52665
24816
44142
54571
74864
43536
102971
73416
86981
21644
95583
48418
66248
8764
58870
62323
60383
45080
65280
7249
45828
84531
104462
