4
150
7
24
133
30
152
121
46
135
171
174
97
145
225
114
1
114
228
142
197
74
232
184
103
59
191
182
204
193
202
208
92
210
45
226
53
11
96
100
146
81
87
243
39
125
170
40
53
148
246
250
222
227
183
139
100
187
70
117
130
85
138
35
44
247
10
162
7
171
75
154
1
162
210
40
100
130
144
153
91
139
152
126
180
148
14
29
85
148
210
28
234
97
63
27
93
74
2
101
58
77
68
59
52
27
163
217
221
56
119
61
195
85
1
124
233
15
217
131
228
176
159
211
86
36
51
244
174
54
94
232
195
226
40
61
2
16
27
37
72
210
98
80
44
163
18
91
243
235
35
220
225
195
180
124
44
231
117
218
98
24
199
43
250
52
104
2
68
131
103
204
154
201
33
199
114
115
103
106
164
138
139
138
146
68
75
190
112
193
157
211
30
105
67
30
157
235
96
38
179
199
242
82
213
89
30
140
204
133
59
117
85
198
68
231
15
144
171
192
150
141
152
180
247
32
23
217
16
119
69
195
67
60
26
94
213
121
234
167
67
43
97
152
54
166
133
134
123
117
