250
207
421
544
77
437
64
533
564
199
76
305
90
508
273
47
145
342
119
387
28
339
372
165
555
495
78
278
595
306
240
180
513
60
123
591
433
187
459
396
323
536
37
413
379
246
396
524
588
451
247
552
189
555
117
80
450
131
358
380
437
598
561
286
594
83
212
427
207
70
158
466
542
131
214
256
377
9
180
300
397
363
252
586
317
305
1
102
436
359
483
209
292
443
431
286
462
42
48
4
48
206
470
527
338
83
182
50
29
298
351
426
60
2
347
314
243
349
416
14
43
298
223
336
76
590
558
475
31
5
479
16
147
349
543
421
368
60
472
333
359
222
94
355
160
442
4
403
126
421
417
105
54
577
377
67
566
334
542
534
275
356
550
359
40
428
179
409
488
50
77
182
272
172
474
368
550
414
170
11
170
524
116
225
436
430
228
401
163
169
270
375
525
219
133
566
583
312
310
407
299
387
525
507
559
334
275
444
148
381
455
318
240
572
479
75
401
106
413
500
211
82
210
72
238
279
574
220
528
283
26
226
5
552
68
501
221
343
344
369
60
199
87
300
106
502
312
443
8
124
278
155
206
489
227
444
167
200
0
94
419
26
256
425
514
325
261
135
3
4
440
600
139
463
300
181
365
548
23
309
71
238
464
213
126
91
57
229
291
57
260
110
19
516
471
470
176
131
541
180
71
380
179
211
243
415
392
7
362
352
316
369
526
115
583
51
206
576
216
434
569
412
480
588
328
350
393
440
417
333
19
488
49
135
34
292
486
363
235
184
114
487
553
39
1
535
26
144
446
178
578
414
591
457
338
254
142
130
93
559
400
49
446
449
184
481
76
5
243
311
189
293
197
142
268
134
12
230
278
459
344
255
272
334
47
9
588
189
76
17
83
476
66
466
260
186
346
336
191
525
583
381
153
115
523
357
249
471
523
464
329
266
54
538
0
102
483
524
227
495
541
311
306
543
176
566
128
458
237
320
318
219
100
407
334
559
99
520
365
21
383
30
287
437
568
223
475
386
147
102
281
23
349
587
567
461
489
94
254
125
350
572
281
450
314
14
344
413
534
109
434
316
139
56
89
42
280
564
428
363
65
44
386
350
568
288
210
392
319
464
517
68
371
197
519
20
148
198
433
17
